15 0.378688 0.67175 0.105968 0.292754
15 0.0422418 0.608644 0.0840807 0.264033
15 0.134121 0.557691 0.0760098 0.198277
16 0.161221 0.260312 0.064298 0.132201
16 0.954455 0.306153 0.0627618 0.159216
15 0.0289339 0.591852 0.0578679 0.23064
16 0.656647 0.70405 0.118821 0.369655
16 0.92168 0.291916 0.0844444 0.17101
16 0.909099 0.671989 0.0710632 0.169329
16 0.0709907 0.113499 0.0957064 0.0663178
16 0.0139024 0.275966 0.0276987 0.192371
15 0.896651 0.529413 0.0809431 0.144472
16 0.94174 0.30223 0.0748305 0.165104
16 0.0902671 0.116413 0.0965597 0.0682374
16 0.840323 0.255193 0.0608906 0.186443
16 0.249524 0.214285 0.0952013 0.12616
16 0.963333 0.314273 0.0485578 0.153146
16 0.847491 0.399398 0.0325844 0.0545171
15 0.880461 0.831004 0.0523398 0.139408
16 0.982616 0.905549 0.0346338 0.116553
16 0.061436 0.420509 0.0836915 0.0577433
16 0.973763 0.597423 0.0523899 0.186392
16 0.0787205 0.190781 0.0910276 0.0669897
